10000760000000
10000761000004
10000720000000
10000721000004
10000361000004
10000360000000
10000361000008
10000321000012
10000320000004
10000280000008
10000240000008
10000281000016
10000241000016
10000160000004
10000161000012
10000120000000
10000121000004
10000121000008
10000081000004
10000201000004
00000040000000
00000080000000
00000040000004
00000080000004
00000040000008
00000080000008
00000120000012
00000121000004
00000200000016
00000200000012
00000201000004
00000201000008
00000600000004
00000640000004
00000640000008
00000600000008
