10000840000020
10000840000024
10000840000028
10000800000028
10000760000028
10000720000028
10000800000016
10000800000008
10000840000004
10000840000000
10000841000004
10000801000004
10000761000004
10000721000004
10000680000000
10000640000000
10000680000008
10000640000008
10000680000016
10000640000016
10000680000024
10000640000024
10000600000020
10000600000004
10000560000004
10000560000020
10000560000024
10000560000016
10000560000012
10000560000008
10000560000000
10000480000028
10000480000024
10000440000024
10000400000024
10000400000028
10000440000016
10000480000012
10000440000008
10000400000012
10000440000000
10000480000000
10000481000004
10000400000004
10000401000004
10000401000008
10000441000008
10000361000016
10000321000016
10000321000012
10000320000024
10000320000020
10000320000016
10000320000012
10000320000008
10000320000004
10000320000000
10000321000004
10000321000008
10000280000024
10000801000016
10000761000016
10000761000020
10000761000024
10000761000028
10000721000028
10000721000024
10000721000020
10000681000020
10000601000020
10000641000028
10000641000032
10000641000036
10000681000036
10000601000040
10000561000040
10000561000024
10000561000028
10000561000032
10000561000036
10000561000044
10000521000044
10000481000044
10000521000048
10000481000024
10000481000028
10000441000020
10000441000032
10000441000036
10000401000036
10000361000036
10000361000032
10000401000028
10000361000040
10000321000040
10000281000024
10000241000020
10000241000016
10000201000016
10000161000016
10000161000020
10000281000040
10000201000028
10000201000032
10000241000036
10000081000016
10000440000036
10000440000040
10000400000044
10000360000048
10000320000048
10000280000048
10000280000044
10000280000040
10000240000044
10000200000044
10000200000040
10000240000036
10000360000032
10000160000036
10000160000032
10000200000028
10000240000016
10000200000016
10000240000012
10000200000008
10000160000008
10000160000012
10000240000004
10000200000000
10000241000004
10000201000008
10000161000004
10000081000012
10000080000008
10000080000004
10000080000000
10000081000004
10000081000008
10000040000004
10000041000012
00000000000008
00000040000008
00000000000000
00000040000000
00000001000008
00000041000008
00000001000016
00000041000016
00000080000012
00000120000012
00000160000012
00000200000012
00000200000008
00000200000004
00000160000000
00000161000008
00000201000012
00000201000016
00000201000020
00000161000020
00000121000020
00000081000020
00000160000024
00000120000024
00000120000028
00000120000032
00000120000036
00000080000036
00000080000032
00000080000028
00000040000028
00000000000036
00000000000040
00000000000044
00000040000044
10000040000048
10000080000048
10000080000052
10000120000052
10000160000052
10000120000056
10000080000044
10000080000040
10000080000036
10000080000032
10000040000028
