10000720000004
10000680000004
10000680000008
10000640000008
10000640000000
10000561000004
10000561000008
10000521000008
10000441000004
10000440000000
10000440000004
10000360000000
10000441000016
10000401000012
10000401000020
10000361000016
10000400000008
10000360000008
10000360000012
10000241000016
10000161000016
10000121000016
10000201000012
10000201000008
10000201000004
10000200000000
10000200000004
10000241000004
10000161000008
10000121000004
10000160000000
10000121000012
10000081000012
10000160000008
10000240000012
10000200000012
10000240000024
10000280000024
10000320000020
10000360000028
10000400000032
10000440000032
10000400000036
10000360000036
