10000201000032
10000161000032
10000121000032
10000081000032
10000041000032
00000001000032
00000041000028
00000041000020
10000041000016
10000081000016
10000161000020
10000201000024
10000201000028
10000201000008
10000161000008
10000201000004
10000161000004
10000241000004
10000121000004
10000240000000
10000120000000
10000160000000
10000080000000
10000280000000
10000240000004
10000200000004
10000240000020
10000280000020
10000200000020
10000160000020
10000120000020
10000080000024
10000080000032
10000280000024
10000280000028
10000240000032
10000160000036
